69 470.51775646209717 0.7134971259208402 4.705216211002013
70 477.62870836257935 0.694430425189207 4.603074485488766
71 484.1748950481415 0.67608103811671 4.50410421570468
72 491.2729654312134 0.6584128772884706 4.40817024714329
73 497.87828946113586 0.6413921521869351 4.315144932065267
74 504.93227076530457 0.6249871929179258 4.224907613116916
75 511.4578070640564 0.6091682902486498 4.137344149004777
76 518.4728603363037 0.5939075490145092 4.052346478386823
77 525.0216507911682 0.5791787544544801 3.969812218415217
78 532.1330299377441 0.5649572502940722 3.8896442947244454
79 538.6349747180939 0.5512198263615167 3.8117506001404524
80 545.6478612422943 0.5379446165180425 3.7360436794206993
81 552.1586735248566 0.5251110045742483 3.6624404377970556
82 559.2101199626923 0.5126995376400818 3.5908618712871943
83 565.7510869503021 0.500691846860088 3.5212328168467684
84 572.779940366745 0.48907057439286034 3.453481720688719
85 579.2661197185516 0.477819305716337 3.387540423303908
86 586.3631892204285 0.4669225080703394 3.323343959677637
87 592.9228131771088 0.4563654722157283 3.2608303736517716
88 600.0922720432281 0.4461342605033652 3.1999405450274487
89 606.6273195743561 0.43621565699351145 3.1406180286410903
90 613.7422997951508 0.4265971226424846 3.0828089042791604
91 620.2957191467285 0.4172667527448082 3.0264616367239223
92 627.3583188056946 0.40821323832831374 2.9715269450275477
93 633.8365120887756 0.39942583025333633 2.917957680316629
94 640.7981877326965 0.3908943044086682 2.865708711677458
95 647.275842666626 0.3826089322906753 2.8147368191192705
96 654.3093535900116 0.3745604501371791 2.765000593559524
97 660.8272564411163 0.36674003309387576 2.716460342925772
98 667.795981168747 0.35913926939734 2.6690780041617663
99 674.2776510715485 0.3517501370496922 2.622817060613387

